%YAML:1.0
vocabulario: !!opencv-matrix
   rows: 3
   cols: 128
   dt: f
   data: [ 0., 0., 0., 0., 0., 0., 0., 0., 4.48173552e-004,
       4.48173552e-004, 1.27058837e-003, 1.27058837e-003,
       -4.51685541e-004, 9.67943226e-004, 0., 0., 1.33664869e-002,
       1.58867091e-002, 5.40152006e-003, 1.23827290e-002,
       4.44967067e-003, 6.09157560e-003, -3.15838581e-004,
       1.95425027e-003, 1.10207067e-003, 1.58401346e-003,
       -1.26117433e-003, 1.96015602e-003, 2.10375059e-003,
       2.64819013e-003, 3.72682203e-004, 1.34186412e-003, 0., 0., 0., 0.,
       0., 0., 0., 0., 2.47513473e-001, 2.61560082e-001, 2.72070784e-002,
       2.72070784e-002, 1.60184681e-001, 1.91233724e-001,
       2.36832835e-002, 2.36832835e-002, 1.58407077e-001,
       1.75240934e-001, -1.42922513e-002, 9.11360011e-002,
       2.62532353e-001, 3.13147724e-001, -2.10575890e-002,
       8.79412964e-002, -2.47963960e-003, 1.48343900e-002,
       -3.77525203e-003, 1.02304947e-002, 5.22047095e-003,
       1.30731277e-002, 1.87517107e-002, 3.16910930e-002, 0., 0., 0., 0.,
       0., 0., 0., 0., 6.79203495e-002, 7.77495652e-002, 4.40927446e-001,
       4.47505295e-001, -1.05601572e-001, 1.17298231e-001,
       -2.47678906e-003, 6.94461726e-003, -1.93020031e-002,
       5.36777079e-002, -1.31509518e-002, 6.06529862e-002,
       9.66167776e-004, 3.95051651e-002, 1.09111909e-002,
       6.12697527e-002, 9.67645668e-004, 8.36898945e-003,
       4.72011371e-003, 7.34742451e-003, 3.12993280e-003,
       6.70423545e-003, 1.47939136e-003, 4.37222328e-003, 0., 0., 0., 0.,
       0., 0., 0., 0., 2.26166402e-003, 2.26166402e-003, 2.99395546e-002,
       2.99395546e-002, -1.00095011e-002, 1.00095011e-002, 0., 0.,
       -3.87672475e-003, 1.15092732e-002, 4.57109846e-002,
       5.04093617e-002, -1.63745489e-002, 2.16896739e-002,
       2.82555877e-004, 1.09691303e-002, 4.12812020e-004,
       6.37406891e-004, -8.15201609e-004, 1.59337488e-003,
       5.25523268e-004, 9.42204730e-004, -2.28252565e-003,
       2.52549816e-003, -1.47796454e-005, 8.52795201e-005,
       3.43464897e-004, 3.43464897e-004, -9.45724430e-004,
       9.67870234e-004, 8.65070033e-005, 8.65070033e-005,
       2.04563653e-003, 2.37731589e-003, 1.11143533e-002,
       1.13380197e-002, -1.03280209e-002, 1.18110841e-002,
       -1.94683252e-003, 2.94137630e-003, 2.61232927e-002,
       4.60219905e-002, 1.40849575e-002, 2.78821886e-002,
       1.03185829e-002, 2.15784684e-002, 6.92704786e-003,
       9.86584276e-003, -2.33728322e-003, 3.51432245e-003,
       -1.61081989e-004, 1.39915734e-003, 1.11176155e-006,
       4.59577772e-004, 8.15334439e-004, 1.78312324e-003,
       -5.82556054e-003, 8.01465474e-003, 1.04936992e-003,
       1.13361306e-003, 7.27947103e-004, 1.54721574e-003,
       5.68681723e-003, 6.08396437e-003, -7.89576210e-003,
       9.33324825e-003, 1.10623781e-002, 1.10623781e-002,
       -4.82095918e-003, 5.21990610e-003, 1.03785684e-002,
       1.03785684e-002, -4.33645165e-003, 1.28136575e-001,
       4.24563289e-001, 4.97269213e-001, -1.15350150e-001,
       1.41281873e-001, 1.49157760e-003, 3.61169390e-002,
       -9.09320079e-003, 1.17563307e-002, 8.52964353e-004,
       5.07913530e-003, -1.54742226e-003, 3.63712991e-003,
       9.07601323e-003, 1.17013510e-002, 9.74231632e-004,
       2.12944485e-003, 3.23485304e-003, 3.77817708e-003,
       2.70056305e-003, 5.46086347e-003, 1.56179503e-005,
       7.84384203e-004, 1.52724739e-002, 7.67396390e-002,
       1.99718215e-003, 8.47360399e-003, 6.18124306e-002,
       7.34927505e-002, 3.41173001e-002, 4.61766124e-002,
       3.02449793e-001, 3.91807377e-001, 4.60620485e-002,
       1.30402550e-001, 1.35019019e-001, 1.75089836e-001,
       -7.78432330e-003, 3.63552086e-002, -1.31262629e-003,
       4.39768657e-003, 2.72576726e-004, 3.64371855e-003,
       -4.81487950e-005, 1.70019129e-003, -1.86195408e-004,
       4.73633269e-003, -1.32286965e-004, 1.77248148e-004,
       4.08160704e-004, 5.51704434e-004, -9.56364325e-004,
       9.79308039e-004, -4.68282196e-005, 3.48452537e-004,
       1.11440453e-003, 3.72451334e-003, 7.50276214e-003,
       1.00747766e-002, -4.87751141e-003, 7.21625518e-003,
       1.75636436e-004, 2.11250433e-003, 7.99561478e-003,
       1.62997749e-002, 3.08011174e-002, 4.71431091e-002,
       -1.18436171e-002, 2.32308432e-002, 6.65827363e-004,
       4.92448965e-003, -1.49076339e-004, 8.87986505e-004,
       -4.87030484e-005, 8.39796732e-004, -5.55576291e-004,
       1.34428497e-003, 2.94658705e-004, 8.32979567e-004, 0., 0., 0., 0.,
       0., 0., 0., 0., 8.62258486e-003, 9.25596803e-003, 1.39837507e-002,
       1.58755146e-002, 3.47480345e-005, 5.48244640e-003,
       -1.77589522e-004, 3.34799843e-004, 1.52223036e-002,
       2.14314945e-002, -1.86108449e-003, 6.03757612e-003,
       4.52835346e-003, 6.92748092e-003, -2.26761750e-003,
       5.54911187e-003, -2.05189972e-005, 4.65979159e-004,
       -1.59103129e-005, 5.58229396e-004, 1.14775779e-004,
       4.56809386e-004, -8.06002587e-004, 1.18800555e-003, 0., 0., 0.,
       0., 0., 0., 0., 0., 2.95826733e-001, 3.04893315e-001,
       6.88124895e-002, 8.06492269e-002, 1.42340690e-001,
       1.61902562e-001, 7.39060051e-004, 8.56760424e-003,
       -8.80485475e-002, 1.15931377e-001, -5.17319366e-002,
       7.19068944e-002, -1.04717491e-003, 1.93858817e-002,
       1.25537217e-001, 1.95071727e-001, 2.66963267e-004,
       2.28981464e-003, 3.51965474e-003, 5.05613908e-003,
       1.15353509e-003, 7.16058258e-003, 4.62579541e-003,
       5.62416017e-003, 0., 0., 0., 0., 0., 0., 0., 0., 1.25243515e-002,
       3.73807326e-002, 3.19086403e-001, 3.29736829e-001,
       -1.52029127e-001, 1.58808678e-001, 2.05554743e-003,
       6.86166249e-003, -7.72691369e-002, 8.92908424e-002,
       5.37621900e-002, 1.42445624e-001, -1.61177695e-001,
       1.79855019e-001, 6.12893254e-002, 1.24258801e-001,
       -8.24181177e-003, 8.99018999e-003, 3.08596017e-003,
       4.00008727e-003, -9.87621769e-003, 1.51884910e-002,
       1.20675396e-002, 1.52835874e-002, -2.27042310e-005,
       2.27042310e-005, 0., 0., 0., 0., 2.85344940e-005, 2.85344940e-005,
       9.07992478e-003, 9.07992478e-003, 1.19942427e-002,
       1.20189972e-002, -2.23168544e-003, 5.91342850e-003,
       -5.30437774e-006, 5.30437774e-006, -1.95528613e-003,
       8.63188971e-003, 1.52169131e-002, 1.88948028e-002,
       -7.69008510e-003, 9.96200554e-003, 9.06129077e-004,
       4.17557079e-003, -8.57456122e-004, 9.96684190e-004,
       9.76596726e-004, 1.23804505e-003, -1.32186571e-003,
       1.77568465e-003, 1.17577100e-003, 1.50368363e-003 ]
